---
source: src/genes/cli/data.rs
expression: records
---
- ensembl_gene_id: ENSG00000133703
  entrez_id: "3845"
  gene_symbol: KRAS
  exp_lof: 9.5335
  exp_mis: 97.354
  exp_syn: 34.508
  mis_z: 2.3177
  obs_lof: 6
  obs_mis: 33
  obs_syn: 32
  oe_lof: 0.62936
  oe_lof_lower: 0.344
  oe_lof_upper: 1.24
  oe_mis: 0.33897
  oe_mis_lower: 0.256
  oe_mis_upper: 0.453
  oe_syn: 0.92733
  oe_syn_lower: 0.699
  oe_syn_upper: 1.246
  pli: 0.00078803
  syn_z: 0.33557
  exac_pli: 0.0010612
  exac_obs_lof: 5
  exac_exp_lof: 6.3596
  exac_oe_lof: 0.78621
- ensembl_gene_id: ENSG00000157764
  entrez_id: "673"
  gene_symbol: BRAF
  exp_lof: 50.21
  exp_mis: 416.75
  exp_syn: 153.49
  mis_z: 3.7208
  obs_lof: 5
  obs_mis: 203
  obs_syn: 157
  oe_lof: 0.099581
  oe_lof_lower: 0.051
  oe_lof_upper: 0.209
  oe_mis: 0.48711
  oe_mis_lower: 0.434
  oe_mis_upper: 0.547
  oe_syn: 1.0229
  oe_syn_lower: 0.897
  oe_syn_upper: 1.168
  pli: 0.99995
  syn_z: -0.22259
  exac_pli: 0.99998
  exac_obs_lof: 2
  exac_exp_lof: 38.79
  exac_oe_lof: 0.05156
- ensembl_gene_id: ENSG00000155657
  entrez_id: "7273"
  gene_symbol: TTN
  exp_lof: 1331.1
  exp_mis: 17648
  exp_syn: 6410.1
  mis_z: -1.1021
  obs_lof: 435
  obs_mis: 18060
  obs_syn: 6427
  oe_lof: 0.3268
  oe_lof_lower: 0.301
  oe_lof_upper: 0.354
  oe_mis: 1.0233
  oe_mis_lower: 1.01
  oe_mis_upper: 1.036
  oe_syn: 1.0026
  oe_syn_lower: 0.981
  oe_syn_upper: 1.023
  pli: 0.0000000000000000000000000000000000000000000000000000000000000000000000000000000000000000000000025582
  syn_z: -0.16611
  exac_pli: 0.000000000000000000000000000000012111
  exac_obs_lof: 247
  exac_exp_lof: 893.88
  exac_oe_lof: 0.27632

